
Run 1 
mpirun -np 8 ./dijkstra_v3.out
Static:   (5) [27, 12, 32, 55, 17,  9, 24, 12, 25, 13, 10,  8, 19, 20, 12, 22, 13, 13,  7, 12, ]
Static:   (6) [27, 12, 32, 55, 17,  9, 24, 12, 25, 13, 10,  8, 19, 20, 12, 22, 13, 13,  7, 12, ]
Static:   (1) [27, 12, 32, 55, 17,  9, 24, 12, 25, 13, 10,  8, 19, 20, 12, 22, 13, 13,  7, 12, ]
Static:   (2) [27, 12, 32, 55, 17,  9, 24, 12, 25, 13, 10,  8, 19, 20, 12, 22, 13, 13,  7, 12, ]
Static:   (3) [27, 12, 32, 55, 17,  9, 24, 12, 25, 13, 10,  8, 19, 20, 12, 22, 13, 13,  7, 12, ]
Static:   (4) [27, 12, 32, 55, 17,  9, 24, 12, 25, 13, 10,  8, 19, 20, 12, 22, 13, 13,  7, 12, ]
Static:   (7) [27, 12, 32, 55, 17,  9, 24, 12, 25, 13, 10,  8, 19, 20, 12, 22, 13, 13,  7, 12, ]
Static:   (0) [27, 12, 32, 55, 17,  9, 24, 12, 25, 13, 10,  8, 19, 20, 12, 22, 13, 13,  7, 12, ]
Parallel: (2) [27, 12, 32, 55, 17,  9, 24, 12, 25, 13, 10,  8, 19, 20, 12, 22, 13, 13,  7, 12, ]
Parallel: (3) [27, 12, 32, 55, 17,  9, 24, 12, 25, 13, 10,  8, 19, 20, 12, 22, 13, 13,  7, 12, ]
Parallel: (5) [27, 12, 32, 55, 17,  9, 24, 12, 25, 13, 10,  8, 19, 20, 12, 22, 13, 13,  7, 12, ]
Parallel: (4) [27, 12, 32, 55, 17,  9, 24, 12, 25, 13, 10,  8, 19, 20, 12, 22, 13, 13,  7, 12, ]
Parallel: (0) [27, 12, 32, 55, 17,  9, 24, 12, 25, 13, 10,  8, 19, 20, 12, 22, 13, 13,  7, 12, ]
Parallel: (7) [27, 12, 32, 55, 17,  9, 24, 12, 25, 13, 10,  8, 19, 20, 12, 22, 13, 13,  7, 12, ]
Parallel: (6) [27, 12, 32, 55, 17,  9, 24, 12, 25, 13, 10,  8, 19, 20, 12, 22, 13, 13,  7, 12, ]
Parallel: (1) [27, 12, 32, 55, 17,  9, 24, 12, 25, 13, 10,  8, 19, 20, 12, 22, 13, 13,  7, 12, ]

==============================================

Run 2 
mpirun -np 8 ./dijkstra_v3.out
Static:   (5) [12, 15, 14, 71, 14, 19,  5, 12,  4, 21,  3, 23, 16,  3, 13, 13,  5, 10, 13, 12, ]
Static:   (6) [12, 15, 14, 71, 14, 19,  5, 12,  4, 21,  3, 23, 16,  3, 13, 13,  5, 10, 13, 12, ]
Static:   (7) [12, 15, 14, 71, 14, 19,  5, 12,  4, 21,  3, 23, 16,  3, 13, 13,  5, 10, 13, 12, ]
Static:   (1) [12, 15, 14, 71, 14, 19,  5, 12,  4, 21,  3, 23, 16,  3, 13, 13,  5, 10, 13, 12, ]
Static:   (2) [12, 15, 14, 71, 14, 19,  5, 12,  4, 21,  3, 23, 16,  3, 13, 13,  5, 10, 13, 12, ]
Static:   (3) [12, 15, 14, 71, 14, 19,  5, 12,  4, 21,  3, 23, 16,  3, 13, 13,  5, 10, 13, 12, ]
Static:   (4) [12, 15, 14, 71, 14, 19,  5, 12,  4, 21,  3, 23, 16,  3, 13, 13,  5, 10, 13, 12, ]
Static:   (0) [12, 15, 14, 71, 14, 19,  5, 12,  4, 21,  3, 23, 16,  3, 13, 13,  5, 10, 13, 12, ]
Parallel: (7) [12, 15, 14, 71, 14, 19,  5, 12,  4, 21,  3, 23, 16,  3, 13, 13,  5, 10, 13, 12, ]
Parallel: (1) [12, 15, 14, 71, 14, 19,  5, 12,  4, 21,  3, 23, 16,  3, 13, 13,  5, 10, 13, 12, ]
Parallel: (2) [12, 15, 14, 71, 14, 19,  5, 12,  4, 21,  3, 23, 16,  3, 13, 13,  5, 10, 13, 12, ]
Parallel: (3) [12, 15, 14, 71, 14, 19,  5, 12,  4, 21,  3, 23, 16,  3, 13, 13,  5, 10, 13, 12, ]
Parallel: (5) [12, 15, 14, 71, 14, 19,  5, 12,  4, 21,  3, 23, 16,  3, 13, 13,  5, 10, 13, 12, ]
Parallel: (6) [12, 15, 14, 71, 14, 19,  5, 12,  4, 21,  3, 23, 16,  3, 13, 13,  5, 10, 13, 12, ]
Parallel: (0) [12, 15, 14, 71, 14, 19,  5, 12,  4, 21,  3, 23, 16,  3, 13, 13,  5, 10, 13, 12, ]
Parallel: (4) [12, 15, 14, 71, 14, 19,  5, 12,  4, 21,  3, 23, 16,  3, 13, 13,  5, 10, 13, 12, ]

==============================================

Run 3 
mpirun -np 8 ./dijkstra_v3.out
Static:   (0) [21,  6, 21, 13, 14,  4, 10, 22, 12, 37,  1,  2, 12, 26, 36, 13, 17,  5,  1,  8, ]
Static:   (1) [21,  6, 21, 13, 14,  4, 10, 22, 12, 37,  1,  2, 12, 26, 36, 13, 17,  5,  1,  8, ]
Static:   (2) [21,  6, 21, 13, 14,  4, 10, 22, 12, 37,  1,  2, 12, 26, 36, 13, 17,  5,  1,  8, ]
Static:   (3) [21,  6, 21, 13, 14,  4, 10, 22, 12, 37,  1,  2, 12, 26, 36, 13, 17,  5,  1,  8, ]
Static:   (4) [21,  6, 21, 13, 14,  4, 10, 22, 12, 37,  1,  2, 12, 26, 36, 13, 17,  5,  1,  8, ]
Static:   (5) [21,  6, 21, 13, 14,  4, 10, 22, 12, 37,  1,  2, 12, 26, 36, 13, 17,  5,  1,  8, ]
Static:   (6) [21,  6, 21, 13, 14,  4, 10, 22, 12, 37,  1,  2, 12, 26, 36, 13, 17,  5,  1,  8, ]
Static:   (7) [21,  6, 21, 13, 14,  4, 10, 22, 12, 37,  1,  2, 12, 26, 36, 13, 17,  5,  1,  8, ]
Parallel: (1) [21,  6, 21, 13, 14,  4, 10, 22, 12, 37,  1,  2, 12, 26, 36, 13, 17,  5,  1,  8, ]
Parallel: (2) [21,  6, 21, 13, 14,  4, 10, 22, 12, 37,  1,  2, 12, 26, 36, 13, 17,  5,  1,  8, ]
Parallel: (3) [21,  6, 21, 13, 14,  4, 10, 22, 12, 37,  1,  2, 12, 26, 36, 13, 17,  5,  1,  8, ]
Parallel: (4) [21,  6, 21, 13, 14,  4, 10, 22, 12, 37,  1,  2, 12, 26, 36, 13, 17,  5,  1,  8, ]
Parallel: (5) [21,  6, 21, 13, 14,  4, 10, 22, 12, 37,  1,  2, 12, 26, 36, 13, 17,  5,  1,  8, ]
Parallel: (6) [21,  6, 21, 13, 14,  4, 10, 22, 12, 37,  1,  2, 12, 26, 36, 13, 17,  5,  1,  8, ]
Parallel: (7) [21,  6, 21, 13, 14,  4, 10, 22, 12, 37,  1,  2, 12, 26, 36, 13, 17,  5,  1,  8, ]
Parallel: (0) [21,  6, 21, 13, 14,  4, 10, 22, 12, 37,  1,  2, 12, 26, 36, 13, 17,  5,  1,  8, ]

==============================================

Run 4 
mpirun -np 8 ./dijkstra_v3.out
Static:   (6) [14, 10,  1, 36,  4, 18,  5, 19, 13, 18, 12, 16, 19, 16, 14,  4, 20, 17, 26, 17, ]
Static:   (7) [14, 10,  1, 36,  4, 18,  5, 19, 13, 18, 12, 16, 19, 16, 14,  4, 20, 17, 26, 17, ]
Static:   (0) [14, 10,  1, 36,  4, 18,  5, 19, 13, 18, 12, 16, 19, 16, 14,  4, 20, 17, 26, 17, ]
Static:   (1) [14, 10,  1, 36,  4, 18,  5, 19, 13, 18, 12, 16, 19, 16, 14,  4, 20, 17, 26, 17, ]
Static:   (2) [14, 10,  1, 36,  4, 18,  5, 19, 13, 18, 12, 16, 19, 16, 14,  4, 20, 17, 26, 17, ]
Static:   (3) [14, 10,  1, 36,  4, 18,  5, 19, 13, 18, 12, 16, 19, 16, 14,  4, 20, 17, 26, 17, ]
Static:   (4) [14, 10,  1, 36,  4, 18,  5, 19, 13, 18, 12, 16, 19, 16, 14,  4, 20, 17, 26, 17, ]
Static:   (5) [14, 10,  1, 36,  4, 18,  5, 19, 13, 18, 12, 16, 19, 16, 14,  4, 20, 17, 26, 17, ]
Parallel: (7) [14, 10,  1, 36,  4, 18,  5, 19, 13, 18, 12, 16, 19, 16, 14,  4, 20, 17, 26, 17, ]
Parallel: (0) [14, 10,  1, 36,  4, 18,  5, 19, 13, 18, 12, 16, 19, 16, 14,  4, 20, 17, 26, 17, ]
Parallel: (1) [14, 10,  1, 36,  4, 18,  5, 19, 13, 18, 12, 16, 19, 16, 14,  4, 20, 17, 26, 17, ]
Parallel: (2) [14, 10,  1, 36,  4, 18,  5, 19, 13, 18, 12, 16, 19, 16, 14,  4, 20, 17, 26, 17, ]
Parallel: (3) [14, 10,  1, 36,  4, 18,  5, 19, 13, 18, 12, 16, 19, 16, 14,  4, 20, 17, 26, 17, ]
Parallel: (4) [14, 10,  1, 36,  4, 18,  5, 19, 13, 18, 12, 16, 19, 16, 14,  4, 20, 17, 26, 17, ]
Parallel: (6) [14, 10,  1, 36,  4, 18,  5, 19, 13, 18, 12, 16, 19, 16, 14,  4, 20, 17, 26, 17, ]
Parallel: (5) [14, 10,  1, 36,  4, 18,  5, 19, 13, 18, 12, 16, 19, 16, 14,  4, 20, 17, 26, 17, ]

==============================================

Run 5 
mpirun -np 8 ./dijkstra_v3.out
Static:   (1) [15, 26, 23, 74, 21,  9, 15, 20, 20, 21, 24,  3, 13, 14, 11, 23, 15, 23, 17, 16, ]
Static:   (2) [15, 26, 23, 74, 21,  9, 15, 20, 20, 21, 24,  3, 13, 14, 11, 23, 15, 23, 17, 16, ]
Static:   (3) [15, 26, 23, 74, 21,  9, 15, 20, 20, 21, 24,  3, 13, 14, 11, 23, 15, 23, 17, 16, ]
Static:   (4) [15, 26, 23, 74, 21,  9, 15, 20, 20, 21, 24,  3, 13, 14, 11, 23, 15, 23, 17, 16, ]
Static:   (5) [15, 26, 23, 74, 21,  9, 15, 20, 20, 21, 24,  3, 13, 14, 11, 23, 15, 23, 17, 16, ]
Static:   (6) [15, 26, 23, 74, 21,  9, 15, 20, 20, 21, 24,  3, 13, 14, 11, 23, 15, 23, 17, 16, ]
Static:   (0) [15, 26, 23, 74, 21,  9, 15, 20, 20, 21, 24,  3, 13, 14, 11, 23, 15, 23, 17, 16, ]
Static:   (7) [15, 26, 23, 74, 21,  9, 15, 20, 20, 21, 24,  3, 13, 14, 11, 23, 15, 23, 17, 16, ]
Parallel: (1) [15, 26, 23, 74, 21,  9, 15, 20, 20, 21, 24,  3, 13, 14, 11, 23, 15, 23, 17, 16, ]
Parallel: (2) [15, 26, 23, 74, 21,  9, 15, 20, 20, 21, 24,  3, 13, 14, 11, 23, 15, 23, 17, 16, ]
Parallel: (3) [15, 26, 23, 74, 21,  9, 15, 20, 20, 21, 24,  3, 13, 14, 11, 23, 15, 23, 17, 16, ]
Parallel: (4) [15, 26, 23, 74, 21,  9, 15, 20, 20, 21, 24,  3, 13, 14, 11, 23, 15, 23, 17, 16, ]
Parallel: (5) [15, 26, 23, 74, 21,  9, 15, 20, 20, 21, 24,  3, 13, 14, 11, 23, 15, 23, 17, 16, ]
Parallel: (0) [15, 26, 23, 74, 21,  9, 15, 20, 20, 21, 24,  3, 13, 14, 11, 23, 15, 23, 17, 16, ]
Parallel: (7) [15, 26, 23, 74, 21,  9, 15, 20, 20, 21, 24,  3, 13, 14, 11, 23, 15, 23, 17, 16, ]
Parallel: (6) [15, 26, 23, 74, 21,  9, 15, 20, 20, 21, 24,  3, 13, 14, 11, 23, 15, 23, 17, 16, ]

==============================================

Run 6 
mpirun -np 8 ./dijkstra_v3.out
Static:   (7) [ 2,  3,  3, 41, 22, 13, 13,  2, 21, 17, 13, 22, 11, 15, 10, 11,  9,  4, 19, 16, ]
Static:   (0) [ 2,  3,  3, 41, 22, 13, 13,  2, 21, 17, 13, 22, 11, 15, 10, 11,  9,  4, 19, 16, ]
Static:   (1) [ 2,  3,  3, 41, 22, 13, 13,  2, 21, 17, 13, 22, 11, 15, 10, 11,  9,  4, 19, 16, ]
Static:   (2) [ 2,  3,  3, 41, 22, 13, 13,  2, 21, 17, 13, 22, 11, 15, 10, 11,  9,  4, 19, 16, ]
Static:   (3) [ 2,  3,  3, 41, 22, 13, 13,  2, 21, 17, 13, 22, 11, 15, 10, 11,  9,  4, 19, 16, ]
Static:   (4) [ 2,  3,  3, 41, 22, 13, 13,  2, 21, 17, 13, 22, 11, 15, 10, 11,  9,  4, 19, 16, ]
Static:   (5) [ 2,  3,  3, 41, 22, 13, 13,  2, 21, 17, 13, 22, 11, 15, 10, 11,  9,  4, 19, 16, ]
Static:   (6) [ 2,  3,  3, 41, 22, 13, 13,  2, 21, 17, 13, 22, 11, 15, 10, 11,  9,  4, 19, 16, ]
Parallel: (4) [ 2,  3,  3, 41, 22, 13, 13,  2, 21, 17, 13, 22, 11, 15, 10, 11,  9,  4, 19, 16, ]
Parallel: (5) [ 2,  3,  3, 41, 22, 13, 13,  2, 21, 17, 13, 22, 11, 15, 10, 11,  9,  4, 19, 16, ]
Parallel: (6) [ 2,  3,  3, 41, 22, 13, 13,  2, 21, 17, 13, 22, 11, 15, 10, 11,  9,  4, 19, 16, ]
Parallel: (7) [ 2,  3,  3, 41, 22, 13, 13,  2, 21, 17, 13, 22, 11, 15, 10, 11,  9,  4, 19, 16, ]
Parallel: (0) [ 2,  3,  3, 41, 22, 13, 13,  2, 21, 17, 13, 22, 11, 15, 10, 11,  9,  4, 19, 16, ]
Parallel: (1) [ 2,  3,  3, 41, 22, 13, 13,  2, 21, 17, 13, 22, 11, 15, 10, 11,  9,  4, 19, 16, ]
Parallel: (2) [ 2,  3,  3, 41, 22, 13, 13,  2, 21, 17, 13, 22, 11, 15, 10, 11,  9,  4, 19, 16, ]
Parallel: (3) [ 2,  3,  3, 41, 22, 13, 13,  2, 21, 17, 13, 22, 11, 15, 10, 11,  9,  4, 19, 16, ]

==============================================

Run 7 
mpirun -np 8 ./dijkstra_v3.out
Static:   (3) [43, 23, 15, 10, 22, 41, 32, 10, 20, 15, 14, 25, 25, 27, 22, 40, 33, 35, 19, 13, ]
Static:   (4) [43, 23, 15, 10, 22, 41, 32, 10, 20, 15, 14, 25, 25, 27, 22, 40, 33, 35, 19, 13, ]
Static:   (5) [43, 23, 15, 10, 22, 41, 32, 10, 20, 15, 14, 25, 25, 27, 22, 40, 33, 35, 19, 13, ]
Static:   (6) [43, 23, 15, 10, 22, 41, 32, 10, 20, 15, 14, 25, 25, 27, 22, 40, 33, 35, 19, 13, ]
Static:   (7) [43, 23, 15, 10, 22, 41, 32, 10, 20, 15, 14, 25, 25, 27, 22, 40, 33, 35, 19, 13, ]
Static:   (1) [43, 23, 15, 10, 22, 41, 32, 10, 20, 15, 14, 25, 25, 27, 22, 40, 33, 35, 19, 13, ]
Static:   (2) [43, 23, 15, 10, 22, 41, 32, 10, 20, 15, 14, 25, 25, 27, 22, 40, 33, 35, 19, 13, ]
Static:   (0) [43, 23, 15, 10, 22, 41, 32, 10, 20, 15, 14, 25, 25, 27, 22, 40, 33, 35, 19, 13, ]
Parallel: (2) [43, 23, 15, 10, 22, 41, 32, 10, 20, 15, 14, 25, 25, 27, 22, 40, 33, 35, 19, 13, ]
Parallel: (7) [43, 23, 15, 10, 22, 41, 32, 10, 20, 15, 14, 25, 25, 27, 22, 40, 33, 35, 19, 13, ]
Parallel: (1) [43, 23, 15, 10, 22, 41, 32, 10, 20, 15, 14, 25, 25, 27, 22, 40, 33, 35, 19, 13, ]
Parallel: (3) [43, 23, 15, 10, 22, 41, 32, 10, 20, 15, 14, 25, 25, 27, 22, 40, 33, 35, 19, 13, ]
Parallel: (4) [43, 23, 15, 10, 22, 41, 32, 10, 20, 15, 14, 25, 25, 27, 22, 40, 33, 35, 19, 13, ]
Parallel: (5) [43, 23, 15, 10, 22, 41, 32, 10, 20, 15, 14, 25, 25, 27, 22, 40, 33, 35, 19, 13, ]
Parallel: (6) [43, 23, 15, 10, 22, 41, 32, 10, 20, 15, 14, 25, 25, 27, 22, 40, 33, 35, 19, 13, ]
Parallel: (0) [43, 23, 15, 10, 22, 41, 32, 10, 20, 15, 14, 25, 25, 27, 22, 40, 33, 35, 19, 13, ]

==============================================

Run 8 
mpirun -np 8 ./dijkstra_v3.out
Static:   (1) [17,  5, 10, 58,  7, 19, 34,  9, 22, 22, 13, 24,  7, 15, 19,  1, 12, 12,  5, 14, ]
Static:   (2) [17,  5, 10, 58,  7, 19, 34,  9, 22, 22, 13, 24,  7, 15, 19,  1, 12, 12,  5, 14, ]
Static:   (3) [17,  5, 10, 58,  7, 19, 34,  9, 22, 22, 13, 24,  7, 15, 19,  1, 12, 12,  5, 14, ]
Static:   (4) [17,  5, 10, 58,  7, 19, 34,  9, 22, 22, 13, 24,  7, 15, 19,  1, 12, 12,  5, 14, ]
Static:   (5) [17,  5, 10, 58,  7, 19, 34,  9, 22, 22, 13, 24,  7, 15, 19,  1, 12, 12,  5, 14, ]
Static:   (6) [17,  5, 10, 58,  7, 19, 34,  9, 22, 22, 13, 24,  7, 15, 19,  1, 12, 12,  5, 14, ]
Static:   (7) [17,  5, 10, 58,  7, 19, 34,  9, 22, 22, 13, 24,  7, 15, 19,  1, 12, 12,  5, 14, ]
Static:   (0) [17,  5, 10, 58,  7, 19, 34,  9, 22, 22, 13, 24,  7, 15, 19,  1, 12, 12,  5, 14, ]
Parallel: (1) [17,  5, 10, 58,  7, 19, 34,  9, 22, 22, 13, 24,  7, 15, 19,  1, 12, 12,  5, 14, ]
Parallel: (2) [17,  5, 10, 58,  7, 19, 34,  9, 22, 22, 13, 24,  7, 15, 19,  1, 12, 12,  5, 14, ]
Parallel: (3) [17,  5, 10, 58,  7, 19, 34,  9, 22, 22, 13, 24,  7, 15, 19,  1, 12, 12,  5, 14, ]
Parallel: (4) [17,  5, 10, 58,  7, 19, 34,  9, 22, 22, 13, 24,  7, 15, 19,  1, 12, 12,  5, 14, ]
Parallel: (5) [17,  5, 10, 58,  7, 19, 34,  9, 22, 22, 13, 24,  7, 15, 19,  1, 12, 12,  5, 14, ]
Parallel: (6) [17,  5, 10, 58,  7, 19, 34,  9, 22, 22, 13, 24,  7, 15, 19,  1, 12, 12,  5, 14, ]
Parallel: (0) [17,  5, 10, 58,  7, 19, 34,  9, 22, 22, 13, 24,  7, 15, 19,  1, 12, 12,  5, 14, ]
Parallel: (7) [17,  5, 10, 58,  7, 19, 34,  9, 22, 22, 13, 24,  7, 15, 19,  1, 12, 12,  5, 14, ]

==============================================

Run 9 
mpirun -np 8 ./dijkstra_v3.out
Static:   (1) [ 6, 19,  8,  7,  9,  2,  8,  2, 13,  5,  7, 14, 14,  7,  7,  7,  3, 13, 12,  2, ]
Static:   (2) [ 6, 19,  8,  7,  9,  2,  8,  2, 13,  5,  7, 14, 14,  7,  7,  7,  3, 13, 12,  2, ]
Static:   (3) [ 6, 19,  8,  7,  9,  2,  8,  2, 13,  5,  7, 14, 14,  7,  7,  7,  3, 13, 12,  2, ]
Static:   (4) [ 6, 19,  8,  7,  9,  2,  8,  2, 13,  5,  7, 14, 14,  7,  7,  7,  3, 13, 12,  2, ]
Static:   (5) [ 6, 19,  8,  7,  9,  2,  8,  2, 13,  5,  7, 14, 14,  7,  7,  7,  3, 13, 12,  2, ]
Static:   (6) [ 6, 19,  8,  7,  9,  2,  8,  2, 13,  5,  7, 14, 14,  7,  7,  7,  3, 13, 12,  2, ]
Static:   (0) [ 6, 19,  8,  7,  9,  2,  8,  2, 13,  5,  7, 14, 14,  7,  7,  7,  3, 13, 12,  2, ]
Static:   (7) [ 6, 19,  8,  7,  9,  2,  8,  2, 13,  5,  7, 14, 14,  7,  7,  7,  3, 13, 12,  2, ]
Parallel: (3) [ 6, 19,  8,  7,  9,  2,  8,  2, 13,  5,  7, 14, 14,  7,  7,  7,  3, 13, 12,  2, ]
Parallel: (4) [ 6, 19,  8,  7,  9,  2,  8,  2, 13,  5,  7, 14, 14,  7,  7,  7,  3, 13, 12,  2, ]
Parallel: (5) [ 6, 19,  8,  7,  9,  2,  8,  2, 13,  5,  7, 14, 14,  7,  7,  7,  3, 13, 12,  2, ]
Parallel: (0) [ 6, 19,  8,  7,  9,  2,  8,  2, 13,  5,  7, 14, 14,  7,  7,  7,  3, 13, 12,  2, ]
Parallel: (7) [ 6, 19,  8,  7,  9,  2,  8,  2, 13,  5,  7, 14, 14,  7,  7,  7,  3, 13, 12,  2, ]
Parallel: (6) [ 6, 19,  8,  7,  9,  2,  8,  2, 13,  5,  7, 14, 14,  7,  7,  7,  3, 13, 12,  2, ]
Parallel: (1) [ 6, 19,  8,  7,  9,  2,  8,  2, 13,  5,  7, 14, 14,  7,  7,  7,  3, 13, 12,  2, ]
Parallel: (2) [ 6, 19,  8,  7,  9,  2,  8,  2, 13,  5,  7, 14, 14,  7,  7,  7,  3, 13, 12,  2, ]

==============================================

Run 10 
mpirun -np 8 ./dijkstra_v3.out
Static:   (4) [ 5, 19, 32, 16, 16, 33,  8, 15, 16, 17, 13, 24, 22,  3, 16, 10, 28, 21,  1, 20, ]
Static:   (5) [ 5, 19, 32, 16, 16, 33,  8, 15, 16, 17, 13, 24, 22,  3, 16, 10, 28, 21,  1, 20, ]
Static:   (6) [ 5, 19, 32, 16, 16, 33,  8, 15, 16, 17, 13, 24, 22,  3, 16, 10, 28, 21,  1, 20, ]
Static:   (7) [ 5, 19, 32, 16, 16, 33,  8, 15, 16, 17, 13, 24, 22,  3, 16, 10, 28, 21,  1, 20, ]
Static:   (2) [ 5, 19, 32, 16, 16, 33,  8, 15, 16, 17, 13, 24, 22,  3, 16, 10, 28, 21,  1, 20, ]
Static:   (3) [ 5, 19, 32, 16, 16, 33,  8, 15, 16, 17, 13, 24, 22,  3, 16, 10, 28, 21,  1, 20, ]
Static:   (1) [ 5, 19, 32, 16, 16, 33,  8, 15, 16, 17, 13, 24, 22,  3, 16, 10, 28, 21,  1, 20, ]
Static:   (0) [ 5, 19, 32, 16, 16, 33,  8, 15, 16, 17, 13, 24, 22,  3, 16, 10, 28, 21,  1, 20, ]
Parallel: (1) [ 5, 19, 32, 16, 16, 33,  8, 15, 16, 17, 13, 24, 22,  3, 16, 10, 28, 21,  1, 20, ]
Parallel: (3) [ 5, 19, 32, 16, 16, 33,  8, 15, 16, 17, 13, 24, 22,  3, 16, 10, 28, 21,  1, 20, ]
Parallel: (7) [ 5, 19, 32, 16, 16, 33,  8, 15, 16, 17, 13, 24, 22,  3, 16, 10, 28, 21,  1, 20, ]
Parallel: (2) [ 5, 19, 32, 16, 16, 33,  8, 15, 16, 17, 13, 24, 22,  3, 16, 10, 28, 21,  1, 20, ]
Parallel: (4) [ 5, 19, 32, 16, 16, 33,  8, 15, 16, 17, 13, 24, 22,  3, 16, 10, 28, 21,  1, 20, ]
Parallel: (5) [ 5, 19, 32, 16, 16, 33,  8, 15, 16, 17, 13, 24, 22,  3, 16, 10, 28, 21,  1, 20, ]
Parallel: (6) [ 5, 19, 32, 16, 16, 33,  8, 15, 16, 17, 13, 24, 22,  3, 16, 10, 28, 21,  1, 20, ]
Parallel: (0) [ 5, 19, 32, 16, 16, 33,  8, 15, 16, 17, 13, 24, 22,  3, 16, 10, 28, 21,  1, 20, ]

==============================================
