
Run 1 
mpirun -np 25 ./partition_v1.out
 0, 83, 100, 95, 68, 
83,  0, 97, 58, 22, 
 8, 66,  0, 51, 77, 
86, 23,  9,  0, 46, 
86, 44, 15,  2,  0, 

------
 0, 83, 79, 70, 68, 
41,  0, 33, 24, 22, 
 8, 66,  0, 51, 76, 
17, 23,  9,  0, 45, 
19, 25, 11,  2,  0, 


==============================================

Run 2 
mpirun -np 25 ./partition_v1.out
 0, 15, 36, 40, 81, 
43,  0, 50, 100, 54, 
50,  9,  0, 91,  6, 
34, 26, 34,  0,  8, 
94, 12,  3, 67,  0, 

------
 0, 15, 36, 40, 42, 
43,  0, 50, 83, 54, 
50,  9,  0, 73,  6, 
34, 20, 11,  0,  8, 
53, 12,  3, 67,  0, 


==============================================

Run 3 
mpirun -np 25 ./partition_v1.out
 0, 18, 69, 49, 56, 
41,  0, 26, 89, 68, 
81, 31,  0, 17, 91, 
89, 12, 67,  0, 89, 
43, 83, 52, 17,  0, 

------
 0, 18, 44, 49, 56, 
41,  0, 26, 43, 68, 
70, 29,  0, 17, 91, 
53, 12, 38,  0, 80, 
43, 29, 52, 17,  0, 


==============================================

Run 4 
mpirun -np 25 ./partition_v1.out
 0, 42, 98, 87, 51, 
85,  0, 75, 48, 69, 
58, 73,  0, 64, 88, 
91, 43, 16,  0, 27, 
61,  6, 83, 51,  0, 

------
 0, 42, 98, 87, 51, 
85,  0, 64, 48, 69, 
58, 73,  0, 64, 88, 
74, 33, 16,  0, 27, 
61,  6, 67, 51,  0, 


==============================================

Run 5 
mpirun -np 25 ./partition_v1.out
 0, 55, 24, 84, 57, 
92,  0, 15, 17, 67, 
48, 64,  0, 16, 67, 
69, 100, 36,  0, 59, 
95, 46, 54, 80,  0, 

------
 0, 55, 24, 40, 57, 
63,  0, 15, 17, 67, 
48, 64,  0, 16, 67, 
69, 100, 36,  0, 59, 
95, 46, 54, 63,  0, 


==============================================

Run 6 
mpirun -np 25 ./partition_v1.out
 0, 98, 98, 13, 99, 
68,  0, 54, 14, 85, 
47, 33,  0, 40, 78, 
 9, 63, 72,  0, 82, 
36, 62, 99,  9,  0, 

------
 0, 76, 85, 13, 95, 
23,  0, 54, 14, 85, 
47, 33,  0, 40, 78, 
 9, 63, 72,  0, 82, 
18, 62, 81,  9,  0, 


==============================================

Run 7 
mpirun -np 25 ./partition_v1.out
 0,  2, 73, 74, 60, 
68,  0, 13, 22, 28, 
79, 71,  0,  3, 33, 
69, 80, 79,  0, 48, 
 3, 89, 97, 26,  0, 

------
 0,  2, 15, 18, 30, 
31,  0, 13, 16, 28, 
36, 38,  0,  3, 33, 
51, 53, 66,  0, 48, 
 3,  5, 18, 21,  0, 


==============================================

Run 8 
mpirun -np 25 ./partition_v1.out
 0, 19, 77, 38, 48, 
72,  0, 29, 56, 28, 
76, 37,  0, 68, 71, 
53, 25, 85,  0, 36, 
59, 42, 94, 38,  0, 

------
 0, 19, 48, 38, 47, 
72,  0, 29, 56, 28, 
76, 37,  0, 68, 65, 
53, 25, 54,  0, 36, 
59, 42, 71, 38,  0, 


==============================================

Run 9 
mpirun -np 25 ./partition_v1.out
 0, 41, 10, 25, 35, 
12,  0, 83, 13, 69, 
78, 19,  0, 91, 36, 
70, 94, 75,  0, 64, 
 3, 80, 53, 54,  0, 

------
 0, 29, 10, 25, 35, 
12,  0, 22, 13, 47, 
31, 19,  0, 32, 36, 
67, 94, 75,  0, 64, 
 3, 32, 13, 28,  0, 


==============================================

Run 10 
mpirun -np 25 ./partition_v1.out
 0, 22, 96, 49, 63, 
92,  0, 25, 16, 19, 
13, 30,  0, 89, 85, 
 6, 89, 23,  0, 90, 
68, 24, 61, 21,  0, 

------
 0, 22, 47, 38, 41, 
22,  0, 25, 16, 19, 
13, 30,  0, 46, 49, 
 6, 28, 23,  0, 47, 
27, 24, 44, 21,  0, 


==============================================
